182
63
149
87
10
127
161
13
47
179
30
3
62
80
85
143
144
99
129
0
188
17
130
154
73
124
38
163
147
112
64
44
52
190
174
77
103
54
164
167
156
166
197
88
120
158
133
37
141
76
31
111
94
90
109
128
153
122
180
11
98
97
135
8
35
169
6
155
114
140
168
81
93
142
15
86
131
89
101
107
160
170
191
96
43
72
82
186
78
23
194
41
104
105
19
4
12
25
198
29
165
28
9
65
152
34
36
51
126
68
21
162
56
95
116
106
159
70
123
45
58
2
71
48
176
183
146
55
53
157
173
150
91
22
20
5
119
110
14
177
79
193
115
199
132
46
50
40
18
27
151
49
7
139
16
66
137
134
196
102
60
172
100
184
42
92
171
136
108
32
118
125
192
75
24
69
26
121
33
138
195
83
67
185
148
175
39
1
178
181
84
145
59
74
61
113
57
187
117
189